# Orca=predictions resol={resol} chrom={chrom} mpos={_mpos} wpos=16000000 start=15496000 end=16496000 nbins=250 width=1000000 chromlen=32000000 mutation=Rdm_mut_0 genome=Rdm_mut_0 padding_chr=None
5.527779035326593204e-01
1.736270613338787849e-01
3.024841940818846081e-02
1.661116367549535233e-02
1.131948187456025857e-02
8.499578753843845674e-03
6.771513210365465336e-03
5.627668067726007695e-03
4.820261460680142634e-03
4.224317507448833824e-03
3.767726125453675981e-03
3.406419105501565757e-03
3.117686818706094393e-03
2.877338197236658113e-03
2.678593096225883978e-03
2.508648799936319049e-03
2.360634361727035821e-03
2.231357601944618935e-03
2.117500005320863132e-03
2.017553125791591174e-03
1.928703381403702169e-03
1.847298427815301453e-03
1.773606708819594219e-03
1.707099002576059057e-03
1.646674495999844376e-03
1.589812933015428064e-03
1.537003708895195260e-03
1.489363397024321680e-03
1.443102554926472105e-03
1.401910934279323529e-03
1.363063989863477939e-03
1.322447371547597192e-03
1.286744154869935057e-03
1.253047504656757977e-03
1.222271644989237184e-03
1.191395849170482019e-03
1.164179524629367288e-03
1.136204422974693498e-03
1.107690204844694959e-03
1.081823528188895819e-03
1.059529447648063609e-03
1.036134098237798291e-03
1.013459943754083320e-03
9.920129158092567869e-04
9.723798729734463471e-04
9.527402007939313839e-04
9.337467886214414255e-04
9.156867162752856939e-04
8.987966324134470143e-04
8.818382931961452282e-04
8.642146883061053390e-04
8.480591039716066804e-04
8.331060366872408262e-04
8.172490248172207964e-04
8.037892059604954693e-04
7.891012735093778582e-04
7.769804340722768522e-04
7.623700335904376761e-04
7.494230977807775449e-04
7.374294789803333182e-04
7.259034874147979408e-04
7.130569604634171303e-04
7.019666960562624810e-04
6.904545106618832900e-04
6.806430108347995105e-04
6.689659411223792358e-04
6.582834955272585074e-04
6.487438274756746970e-04
6.387768427175706098e-04
6.299196374502172291e-04
6.203008857464288464e-04
6.134456622371676701e-04
6.034015737472837784e-04
5.942702051314652407e-04
5.853464318676981134e-04
5.764460493622021410e-04
5.681767903082954665e-04
5.605791460661229157e-04
5.527207931988780331e-04
5.454943228535594170e-04
5.376088374845058642e-04
5.306036258238932928e-04
5.230406338680203618e-04
5.165484770094495469e-04
5.100099505601067172e-04
5.033825342179496344e-04
4.956546526031034962e-04
4.901362037999783695e-04
4.839031431692921684e-04
4.770107202948053429e-04
4.708123805604761758e-04
4.652860555122153522e-04
4.609109382076662098e-04
4.540223160044408739e-04
4.492155184804933355e-04
4.433455990203079029e-04
4.383385475670953206e-04
4.331734162141690002e-04
4.286502260727942577e-04
4.232493035339237437e-04
4.189935006140844661e-04
4.129721152308527487e-04
4.086354475746247893e-04
4.049756042263798314e-04
3.993579622854857023e-04
3.955922736263708592e-04
3.903786242574042143e-04
3.859345288726402298e-04
3.814035785947624815e-04
3.779339493063742879e-04
3.736238098113325856e-04
3.693262001505173697e-04
3.648080579320510776e-04
3.618492932135245030e-04
3.579152188552433265e-04
3.539277757749754831e-04
3.511000672961514762e-04
3.470087231575030590e-04
3.426799835501880475e-04
3.401856928626186883e-04
3.358673055760504674e-04
3.322600549376767158e-04
3.283270309409050598e-04
3.262969914812246033e-04
3.247687645715592402e-04
3.225628544403523262e-04
3.160345932753583957e-04
3.134829936544607058e-04
3.105545490222203137e-04
3.077716376496253533e-04
3.041551762529455787e-04
3.027016259840319178e-04
2.987855104145313665e-04
2.969030169906358404e-04
2.942804479236694635e-04
2.912687624447793670e-04
2.880150796942935630e-04
2.862482801127278409e-04
2.831269825560101591e-04
2.799854084753220450e-04
2.779842204592216791e-04
2.755412352664483823e-04
2.726373805949146322e-04
2.698060799708480706e-04
2.677888108182590286e-04
2.651716753805735422e-04
2.633135909035358370e-04
2.610020837851754452e-04
2.587743369715863489e-04
2.563112076960784953e-04
2.548899886627569193e-04
2.527203678687269146e-04
2.509968541543105614e-04
2.482027018347844551e-04
2.461947460764340122e-04
2.451369063722948910e-04
2.427834507056239415e-04
2.398891365560338620e-04
2.390858772405926049e-04
2.361356612342278556e-04
2.343878024861147677e-04
2.324662943752800590e-04
2.306589631645376685e-04
2.289283490138584371e-04
2.271950993705577036e-04
2.254355938283886826e-04
2.236527077841788064e-04
2.213609829012625591e-04
2.201263560257323460e-04
2.184102599450769020e-04
2.167084924467345126e-04
2.152954325911520591e-04
2.139813880791034901e-04
2.125783165763571122e-04
2.105111269595592979e-04
2.087828213090896072e-04
2.072133940717564918e-04
2.056364043969338077e-04
2.033973288124010174e-04
2.022835014406799276e-04
2.012135732284719048e-04
1.997752630269940288e-04
1.980991662344203010e-04
1.973911551055247454e-04
1.955716110053934041e-04
1.942763762891776139e-04
1.922666914340330946e-04
1.909464323719971442e-04
1.901435930803550486e-04
1.882475083110683419e-04
1.873653406823723607e-04
1.857027660248050758e-04
1.846119939152017400e-04
1.835519246757864387e-04
1.820636306901556674e-04
1.805772052399224042e-04
1.800096305901109888e-04
1.785593207082769205e-04
1.773043271124388699e-04
1.757849574645546447e-04
1.746484140582596695e-04
1.747105865953314579e-04
1.724946183387565050e-04
1.714229991394877653e-04
1.719627237491993025e-04
1.700149515966825717e-04
1.678960500635998381e-04
1.666713888817328499e-04
1.660996048951550528e-04
1.653569952107993707e-04
1.642103034566736364e-04
1.625361061316380276e-04
1.616884491453156943e-04
1.609985910857320425e-04
1.603724791721539567e-04
1.587099468921339168e-04
1.578611448105070899e-04
1.574000176248393091e-04
1.555170655725711989e-04
1.546741917462970527e-04
1.537705989840446150e-04
1.532070792446035129e-04
1.523180695757189935e-04
1.514545145445614219e-04
1.509558004575032664e-04
1.496331901723872866e-04
1.484538681104284553e-04
1.473633663352440053e-04
1.470249395912724829e-04
1.458319898564365026e-04
1.454557175455463457e-04
1.445330544786451669e-04
1.434695507410855132e-04
1.426723430763386516e-04
1.421450201090147564e-04
1.410454138092304415e-04
1.403275660259682429e-04
1.395230402421323928e-04
1.385416457782383932e-04
1.376328920355431691e-04
1.366402932476776797e-04
1.364463640504684830e-04
1.355005277062083617e-04
1.341944243474676968e-04
1.339026340693370268e-04
1.332971661109365509e-04
1.323977878478645837e-04
1.314428128869966808e-04
1.314071771117606932e-04
1.300785854046158116e-04
