# Orca=predictions resol={resol} chrom={chrom} mpos={_mpos} wpos=16000000 start=0 end=32000000 nbins=250 width=32000000 chromlen=32000000 mutation=wt genome=Bos_taurus_chr1 padding_chr=None
3.381460566777322319e-02
1.882839659769019233e-03
7.061978296489235512e-04
4.473770747168204004e-04
3.149169688786478214e-04
2.366483814584812860e-04
1.860028739461101407e-04
1.511944449105603547e-04
1.259029471359297998e-04
1.071863294404793723e-04
9.298006967979431788e-05
8.150449223890409453e-05
7.223410979327496255e-05
6.428497436448998067e-05
5.828984747799469265e-05
5.333587926223104763e-05
4.909433094171030288e-05
4.542360581610343443e-05
4.221549119060632451e-05
3.938803489038993733e-05
3.689362495375683628e-05
3.470449285897591967e-05
3.276881927324656993e-05
3.104789478873797980e-05
2.950623285606460177e-05
2.811310846455411755e-05
2.684617429775467583e-05
2.568978744224819426e-05
2.463385555838820673e-05
2.367157001681955705e-05
2.279674874719974276e-05
2.200175664276092616e-05
2.127762058749901552e-05
2.061631575793973367e-05
2.001029305524756272e-05
1.945296681725380849e-05
1.893896596446710315e-05
1.846389724195983994e-05
1.802368241182349449e-05
1.761439877997359257e-05
1.723210474950507718e-05
1.687332854767528790e-05
1.653458465146094640e-05
1.621219321084218211e-05
1.590345672394310268e-05
1.560745247442868786e-05
1.532414023374427186e-05
1.505269904146059885e-05
1.479196888750229679e-05
1.454181225347771613e-05
1.430314685834188012e-05
1.407652732257233215e-05
1.386168892710236219e-05
1.365776941947457143e-05
1.346390290975065185e-05
1.327963570128432662e-05
1.310427357020412191e-05
1.293692798261149239e-05
1.277678056684205263e-05
1.262311860916557245e-05
1.247501723054998783e-05
1.233176700486650325e-05
1.219305496135245187e-05
1.205864419699599625e-05
1.192785874631107352e-05
1.179966405245758362e-05
1.167346446475823422e-05
1.154927587779146437e-05
1.142719814101066285e-05
1.130712715459894521e-05
1.118868026991121477e-05
1.107140895675882916e-05
1.095510201796995136e-05
1.083992628210540268e-05
1.072652095150688146e-05
1.061539065303714485e-05
1.050664990920919682e-05
1.040025267721613946e-05
1.029614640741708143e-05
1.019422009920780165e-05
1.009422561162804836e-05
9.995741503644532103e-06
9.898223972278893728e-06
9.801579347297796494e-06
9.706052263099177677e-06
9.611629226919137837e-06
9.518111839748995490e-06
9.425273658025883785e-06
9.333042760753586942e-06
9.241386829382167416e-06
9.150374827451925898e-06
9.060372224158323734e-06
8.971593896204163408e-06
8.884066020315687669e-06
8.797880241539379441e-06
8.712970974574601958e-06
8.629357436919485701e-06
8.547286920711525760e-06
8.467159769368493293e-06
8.389048853382816259e-06
8.312699721730119732e-06
8.237730645397881886e-06
8.163666822849998837e-06
8.090038427194967712e-06
8.016478743228727590e-06
7.942918023954185637e-06
7.869626325989931319e-06
7.797004416550160587e-06
7.725205794895142523e-06
7.654149213162416684e-06
7.583939594442493172e-06
7.514986172879422077e-06
7.447938313177816616e-06
7.383688499799365346e-06
7.322953548850997561e-06
7.265842689880504425e-06
7.212082393313452936e-06
7.161361355023457151e-06
7.113237909884795489e-06
7.066866827078882585e-06
7.021185006825342799e-06
6.975275123964588010e-06
6.928763612287482327e-06
6.881730212226419123e-06
6.834311703768094282e-06
6.786420452657237443e-06
6.737884550948003055e-06
6.688591095104270810e-06
6.638526077299412268e-06
6.587764056918948486e-06
6.536665167497929997e-06
6.485868845983350600e-06
6.436046654002485111e-06
6.387784672986900476e-06
6.341383718377500122e-06
6.296690009834445049e-06
6.253353570473091673e-06
6.211003168528873787e-06
6.169540423618914865e-06
6.129081425359696951e-06
6.089554502888296604e-06
6.050830807274654028e-06
6.012844412047231415e-06
5.975449258379365050e-06
5.938473373072621062e-06
5.902114649307177224e-06
5.866656857695192735e-06
5.832038912903520662e-06
5.798125246832823876e-06
5.764968780935678023e-06
5.732545680711908603e-06
5.700649006927420818e-06
5.669134734604842156e-06
5.638151257811254460e-06
5.607910401854841803e-06
5.578351775260830991e-06
5.549035689332398508e-06
5.519592476185681351e-06
5.490114645284285261e-06
5.460886432506277104e-06
5.432371286768447022e-06
5.405289048652717472e-06
5.380195388882730688e-06
5.356988864051378441e-06
5.334933184846724247e-06
5.313664314191394276e-06
5.293041506560112796e-06
5.272798936222078590e-06
5.252888511956556498e-06
5.233484008040849397e-06
5.214601407733136381e-06
5.196018235327699332e-06
5.177151634457653442e-06
5.157090911432244189e-06
5.135250028359483514e-06
5.111560725172950624e-06
5.086636736377885953e-06
5.061930060893298698e-06
5.038919766111134181e-06
5.018107140067109079e-06
4.999053749022542896e-06
4.981176496590444778e-06
4.963943852956266597e-06
4.946624953963186986e-06
4.928735740912041429e-06
4.910276502998157935e-06
4.891485038757282847e-06
4.872498565457520741e-06
4.853170378677154013e-06
4.832971403279156501e-06
4.811353255310842194e-06
4.788307333839364534e-06
4.764497951335583184e-06
4.741095511715016654e-06
4.719128914746009780e-06
4.698932806525340651e-06
4.680511520850745264e-06
4.663629570066575122e-06
4.648004751138935624e-06
4.633198008614170392e-06
4.618375200277917802e-06
4.602946619236024279e-06
4.586447830297327101e-06
4.568532203217731935e-06
4.549140459050215191e-06
4.528716769591636098e-06
4.508103011361650138e-06
4.488041302417755125e-06
4.468965903476349719e-06
4.450866621289504813e-06
4.433319849734806036e-06
4.415944864381058574e-06
4.398753097650593866e-06
4.382028342370652551e-06
4.366019035440815337e-06
4.350633409604953333e-06
4.335344407849715990e-06
4.319281076779527651e-06
4.301499621422007510e-06
4.281405437388389513e-06
4.258964000413988272e-06
4.234848147423574013e-06
4.210125493901646008e-06
4.185418778555695033e-06
4.160675034953646969e-06
4.135823458965066601e-06
4.110838024488006560e-06
4.085655882278127883e-06
4.060537450120415504e-06
4.036145979152863420e-06
4.013311937747390289e-06
3.992607726398003813e-06
3.974158238362531286e-06
3.957732682490487132e-06
3.942883095713151936e-06
3.929059425013925947e-06
3.915722048521906958e-06
3.902352048953636085e-06
3.888486612167214732e-06
3.873836497138944548e-06
3.858295183249995814e-06
3.841915680549923151e-06
3.824789134710171026e-06
3.807033139834228955e-06
3.788851802736627836e-06
3.770545516610679929e-06
3.752299554501650525e-06
3.734080072716962660e-06
3.715856892017558759e-06
3.697827496183916464e-06
