# Orca=predictions resol={resol} chrom={chrom} mpos={_mpos} wpos=16000000 start=14992000 end=16992000 nbins=250 width=2000000 chromlen=32000000 mutation=wt genome=Bos_taurus_chr1 padding_chr=None
3.632024824332690249e-01
6.268376595643776472e-02
1.193742654461492879e-02
6.917568310575195577e-03
4.873127124133781914e-03
3.791547215964437452e-03
3.129782735037603056e-03
2.685793297406186171e-03
2.365318781333752406e-03
2.120977684594483985e-03
1.930564579103574187e-03
1.775402712007637237e-03
1.647565231897794077e-03
1.538295936957535066e-03
1.444369860289147246e-03
1.362621571388469149e-03
1.287245796486056375e-03
1.222246660951428754e-03
1.163989830350977469e-03
1.108352090213244809e-03
1.059254130430705224e-03
1.013766725388805376e-03
9.723782156375201892e-04
9.339801235780249280e-04
8.987795685745812377e-04
8.645816934449906737e-04
8.328800505408273094e-04
8.034821775618973712e-04
7.763580438110923368e-04
7.496614270330815210e-04
7.255733535683365825e-04
7.018612158094562643e-04
6.801766183634654680e-04
6.585691899131427369e-04
6.390542875902582593e-04
6.209917677950605938e-04
6.036297537158001169e-04
5.853522795572659292e-04
5.683446940112290516e-04
5.528787638293595997e-04
5.378289059116160824e-04
5.233083426423459179e-04
5.099877280869032081e-04
4.962070108060338304e-04
4.837383026083419716e-04
4.709803842319933024e-04
4.602825619829971479e-04
4.489497379964338484e-04
4.382990275921668996e-04
4.284307929734203148e-04
4.185521049982363290e-04
4.088046536516205397e-04
3.998209506059305102e-04
3.905710127534549065e-04
3.816689088421348431e-04
3.736269422698892343e-04
3.651979023070359934e-04
3.579018766747466733e-04
3.507841583811954008e-04
3.431385957801244471e-04
3.360450897380990983e-04
3.288027770751778597e-04
3.245993437661738525e-04
3.170287586613824288e-04
3.105909323371316717e-04
3.046959040348871071e-04
2.992939159509326228e-04
2.941831688206885472e-04
2.883868004865235970e-04
2.831219134250175917e-04
2.778737711650534599e-04
2.726555191067814429e-04
2.676388442469849311e-04
2.632002352432051247e-04
2.587154913561067002e-04
2.547028882225797850e-04
2.507291945030331367e-04
2.464322750899868562e-04
2.426482360848941590e-04
2.385491380678617318e-04
2.343443901454343693e-04
2.306781424295534515e-04
2.271885353958406385e-04
2.235254980745022136e-04
2.200059887244510586e-04
2.167806693574244898e-04
2.139591313314290243e-04
2.105958479511413220e-04
2.072115034623840928e-04
2.036786408656039628e-04
2.011214777311544550e-04
1.983411876503398644e-04
1.957026883513722851e-04
1.924390478823102368e-04
1.898702817109439026e-04
1.871702389251545212e-04
1.846196696327487351e-04
1.820640978240050376e-04
1.797889467821053324e-04
1.772382330994273195e-04
1.749480930441013604e-04
1.727807056030830515e-04
1.713408495586422355e-04
1.681196101514037880e-04
1.660568984707105748e-04
1.640784270639461745e-04
1.617278988770003579e-04
1.601133740805434546e-04
1.579580635344968447e-04
1.557770851290697102e-04
1.538556172397474286e-04
1.523244332351507305e-04
1.507498264079888239e-04
1.484760731821220710e-04
1.468113088435563617e-04
1.453191198565435902e-04
1.435361247592887180e-04
1.420019492758996379e-04
1.403058965258248165e-04
1.385598059585380938e-04
1.368399606453417393e-04
1.354104609525882258e-04
1.338242146492695753e-04
1.323838886734155862e-04
1.310839381287834697e-04
1.294047914928200252e-04
1.276953135175538131e-04
1.271160364824735166e-04
1.255070276499919589e-04
1.239894487325976242e-04
1.224207565052533081e-04
1.212323050504413491e-04
1.201035424172095759e-04
1.190423397124328427e-04
1.179846128666562830e-04
1.169790229097846033e-04
1.154142225173467013e-04
1.144165846505883286e-04
1.128280675760464410e-04
1.119214803024398707e-04
1.109557124692426444e-04
1.096440366441170849e-04
1.087031683903974029e-04
1.073696239390780380e-04
1.069045779044839565e-04
1.056065818237032891e-04
1.049664564516764617e-04
1.035602470470400427e-04
1.033333960521854811e-04
1.020996088714256895e-04
1.013712982498044402e-04
1.008091608103007072e-04
9.960914983787508671e-05
9.888091988746161554e-05
9.773968478619449911e-05
9.660607861236499309e-05
9.585555566252156599e-05
9.509752634864121403e-05
9.399550175817925979e-05
9.338460975978374757e-05
9.269373615062093184e-05
9.188821048070408559e-05
9.168412515096391780e-05
9.050350828700259973e-05
8.980515205868168436e-05
8.907455350833056774e-05
8.817780419227922231e-05
8.754897526485277233e-05
8.664926995404352464e-05
8.596543466361721377e-05
8.528968225174571533e-05
8.434816689246580257e-05
8.379332948996108771e-05
8.292376458435384283e-05
8.278073290731094848e-05
8.216395079508238841e-05
8.103914672204356670e-05
8.091598412426377748e-05
8.042822978628798910e-05
7.948481192967892612e-05
7.897789505858075917e-05
7.803803162981144150e-05
7.740882773104719818e-05
7.686193683411429408e-05
7.656707989905730096e-05
7.596449160774136535e-05
7.539264698245187854e-05
7.488280025511970402e-05
7.420268228175614950e-05
7.352254771655986954e-05
7.322932526937899009e-05
7.279418829625113085e-05
7.205254847981006614e-05
7.156001832142552560e-05
7.126677960915349776e-05
7.091477471945428432e-05
7.051545869700680822e-05
6.961242646155908374e-05
6.920810693249174325e-05
6.920191387745143301e-05
6.779902789544377337e-05
6.694499304110198689e-05
6.651703294649233635e-05
6.609398076824722092e-05
6.567575716366809164e-05
6.526228432878588409e-05
6.485348595471759838e-05
6.444928721512904594e-05
6.404961477362737369e-05
6.365439674906571356e-05
6.326356265134712464e-05
6.287704334788642526e-05
6.249477103960297537e-05
6.211667923864833140e-05
6.174270274714161290e-05
6.137277762975456967e-05
6.100684119161954626e-05
6.064483194853127626e-05
6.028668960354829508e-05
5.993235502549267550e-05
5.958177021117097593e-05
5.923487825897034639e-05
5.889162335557263377e-05
5.855195074893185562e-05
5.821580673070259656e-05
5.788313862249962953e-05
5.755389475271609445e-05
5.722802441776502565e-05
5.690547785179402083e-05
5.658620619351852087e-05
5.627016146522578071e-05
5.595729656540656365e-05
5.564756525062274089e-05
5.534092212973354234e-05
5.503732264456692876e-05
5.473672304752944814e-05
5.443908038017205339e-05
5.414435245491124656e-05
5.385249784232006096e-05
5.356347585305254070e-05
5.327724652206685080e-05
5.299377059829901720e-05
5.271300952266367191e-05
5.243492539282285591e-05
5.215948094833603409e-05
5.188663956906877780e-05
5.161636525686249079e-05
5.134862261692500047e-05
5.108337684625062139e-05
5.082059373222932720e-05
